#%YAML:1.0
mm_per_unit: 1.0
corners:
 - [[0.0, 67.0, 0.0], [67.0, 67.0, 0.0], [67.0, 0.0, 0.0], [0.0, 0.0, 0.0]]
 - [[87.0, 67.0, 0.0], [154.0, 67.0, 0.0], [154.0, 0.0, 0.0], [87.0, 0.0, 0.0]]
 - [[0.0, 154.0, 0.0], [67.0, 154.0, 0.0], [67.0, 87.0, 0.0], [0.0, 87.0, 0.0]]
 - [[87.0, 154.0, 0.0], [154.0, 154.0, 0.0], [154.0, 87.0, 0.0], [87.0, 87.0, 0.0]]
 - [[0.0, 241.0, 0.0], [67.0, 241.0, 0.0], [67.0, 174.0, 0.0], [0.0, 174.0, 0.0]]
 - [[87.0, 241.0, 0.0], [154.0, 241.0, 0.0], [154.0, 174.0, 0.0], [87.0, 174.0, 0.0]]
ids:
 - 4
 - 5
 - 2
 - 3
 - 0
 - 1
