%YAML:1.0
mm_per_unit: 1.0
corners:
 - [[-1900.0, 1067.0, 890.0], [-1967.0, 1067.0, 890.0000000395162], [-1967.0, 1000.0, 890.0000000395162], [-1900.0, 1000.0, 890.0]]
 - [[-1987.0, 1067.0, 890.000000051312], [-2054.0, 1067.0, 890.0000000908282], [-2054.0, 1000.0, 890.0000000908282], [-1987.0, 1000.0, 890.000000051312]]
 - [[-1900.0, 1154.0, 890.0], [-1967.0, 1154.0, 890.0000000395162], [-1967.0, 1087.0, 890.0000000395162], [-1900.0, 1087.0, 890.0]]
 - [[-1987.0, 1154.0, 890.000000051312], [-2054.0, 1154.0, 890.0000000908282], [-2054.0, 1087.0, 890.0000000908282], [-1987.0, 1087.0, 890.000000051312]]
 - [[-1900.0, 1241.0, 890.0], [-1967.0, 1241.0, 890.0000000395162], [-1967.0, 1174.0, 890.0000000395162], [-1900.0, 1174.0, 890.0]]
 - [[-1987.0, 1241.0, 890.000000051312], [-2054.0, 1241.0, 890.0000000908282], [-2054.0, 1174.0, 890.0000000908282], [-1987.0, 1174.0, 890.000000051312]]
 - [[-4400.0, 1067.0, 0.0], [-4399.946646110381, 1067.0, -66.99997875643292], [-4399.946646110381, 1000.0, -66.99997875643292], [-4400.0, 1000.0, 0.0]]
 - [[-4399.930719576166, 1067.0, -86.99997241506962], [-4399.877365686547, 1067.0, -153.99995117150254], [-4399.877365686547, 1000.0, -153.99995117150254], [-4399.930719576166, 1000.0, -86.99997241506962]]
 - [[-4400.0, 1154.0, 0.0], [-4399.946646110381, 1154.0, -66.99997875643292], [-4399.946646110381, 1087.0, -66.99997875643292], [-4400.0, 1087.0, 0.0]]
 - [[-4399.930719576166, 1154.0, -86.99997241506962], [-4399.877365686547, 1154.0, -153.99995117150254], [-4399.877365686547, 1087.0, -153.99995117150254], [-4399.930719576166, 1087.0, -86.99997241506962]]
 - [[-4400.0, 1241.0, 0.0], [-4399.946646110381, 1241.0, -66.99997875643292], [-4399.946646110381, 1174.0, -66.99997875643292], [-4400.0, 1174.0, 0.0]]
 - [[-4399.930719576166, 1241.0, -86.99997241506962], [-4399.877365686547, 1241.0, -153.99995117150254], [-4399.877365686547, 1174.0, -153.99995117150254], [-4399.930719576166, 1174.0, -86.99997241506962]]
 - [[0.0, 1055.0, 0.0], [55.0, 1055.0, 0.0], [55.0, 1000.0, 0.0], [0.0, 1000.0, 0.0]]
 - [[65.0, 1055.0, 0.0], [120.0, 1055.0, 0.0], [120.0, 1000.0, 0.0], [65.0, 1000.0, 0.0]]
 - [[130.0, 1055.0, 0.0], [185.0, 1055.0, 0.0], [185.0, 1000.0, 0.0], [130.0, 1000.0, 0.0]]
 - [[0.0, 1120.0, 0.0], [55.0, 1120.0, 0.0], [55.0, 1065.0, 0.0], [0.0, 1065.0, 0.0]]
 - [[65.0, 1120.0, 0.0], [120.0, 1120.0, 0.0], [120.0, 1065.0, 0.0], [65.0, 1065.0, 0.0]]
 - [[130.0, 1120.0, 0.0], [185.0, 1120.0, 0.0], [185.0, 1065.0, 0.0], [130.0, 1065.0, 0.0]]
 - [[0.0, 1185.0, 0.0], [55.0, 1185.0, 0.0], [55.0, 1130.0, 0.0], [0.0, 1130.0, 0.0]]
 - [[65.0, 1185.0, 0.0], [120.0, 1185.0, 0.0], [120.0, 1130.0, 0.0], [65.0, 1130.0, 0.0]]
 - [[130.0, 1185.0, 0.0], [185.0, 1185.0, 0.0], [185.0, 1130.0, 0.0], [130.0, 1130.0, 0.0]]
 - [[0.0, 1250.0, 0.0], [55.0, 1250.0, 0.0], [55.0, 1195.0, 0.0], [0.0, 1195.0, 0.0]]
 - [[65.0, 1250.0, 0.0], [120.0, 1250.0, 0.0], [120.0, 1195.0, 0.0], [65.0, 1195.0, 0.0]]
 - [[130.0, 1250.0, 0.0], [185.0, 1250.0, 0.0], [185.0, 1195.0, 0.0], [130.0, 1195.0, 0.0]]
ids:
 - 4
 - 5
 - 2
 - 3
 - 0
 - 1
 - 14
 - 15
 - 12
 - 13
 - 10
 - 11
 - 109
 - 100
 - 108
 - 103
 - 102
 - 107
 - 105
 - 101
 - 110
 - 104
 - 111
 - 106
